0 22
0 20
0 19
0 28
0 21
1 24
1 21
1 21
1 20
0 21
0 18
1 29
0 21
0 19
1 20
1 24
1 19
1 22
0 22
0 22
0 25
0 18
1 23
0 25
0 21
1 20
1 25
1 22
1 26
1 20
1 25
1 21
0 19
0 24
0 18
0 19
0 28
0 21
0 20
1 22
0 21
1 18
0 12
1 16
1 12
0 16
1 12
1 12
1 16
1 16
0 12
1 16
1 16
0 16
1 12
0 16
1 16
0 16
0 12
1 16
0 12
1 12
1 16
0 12
1 12
1 16
0 16
1 26
0 21
0 25
0 26
1 27
1 26
0 19
1 25
1 23
1 21
1 20
1 23
0 20
1 21
1 20
1 23
0 24
0 27
1 22
0 24
1 28
1 28
1 20
1 20
1 23
1 16
0 24
0 26
1 24
1 25
1 23
1 26
0 20
1 25
0 18
0 25
1 23
0 25
1 21
0 25
1 18
1 23
1 28
0 25
1 24
0 25
0 25
1 21
0 21
1 18
1 23
0 18
1 16
0 20
1 23
1 22
0 18
1 20
1 21
0 18
1 20
1 18
1 25
1 21
0 23
1 27
1 22
1 25
0 21
1 21
0 25
1 19
1 24
1 21
0 22
1 23
1 18
1 21
0 18
1 22
1 20
1 27
0 19
0 24
1 26
0 28
1 22
1 23
1 28
0 21
1 29
1 26
0 23
1 21
1 28
0 24
0 20
1 21
1 21
1 24
0 21
0 26
0 18
1 20
1 21
1 26
1 26
1 26
1 20
1 24
0 22
1 25
1 20
1 21
0 19
1 27
1 20
0 20
1 24
1 25
0 26
0 26
0 21
0 16
1 12
1 26
1 22
1 27
1 20
1 19
0 26
1 23
0 26
1 24
1 26
0 22
0 27
1 28
1 24
1 20
1 21
0 18
1 18
1 23
1 25
1 22
0 26
0 27
1 23
1 21
0 20
1 20
0 18
0 22
0 22
0 21
0 26
1 23
1 24
1 20
1 24
1 22
0 20
1 18
0 19
1 22
0 24
1 26
1 22
0 20
0 20
1 26
1 30
0 20
1 21
1 24
0 22
1 21
0 23
1 26
1 21
1 26
0 21
1 24
0 21
1 21
1 26
0 25
0 24
1 25
1 29
0 25
0 23
1 22
0 18
0 19
0 20
0 23
1 21
1 28
1 25
0 20
0 23
0 19
0 21
1 27
1 23
1 20
1 21
1 21
0 19
1 20
0 20
1 20
1 21
0 18
1 18
0 21
1 24
1 22
1 25
0 24
1 21
1 21
0 26
0 18
0 21
1 24
1 20
1 20
1 22
0 21
0 24
1 19
1 21
0 22
1 26
1 23
0 18
1 22
0 24
1 20
0 19
0 21
1 23
1 20
1 19
1 25
1 21
1 26
1 18
0 27
1 23
1 20
0 20
1 27
0 18
0 18
1 28
1 20
1 29
1 20
0 24
1 20
1 22
0 24
0 23
1 25
1 24
0 18
1 24
1 18
1 18
1 20
1 26
0 24
1 18
1 24
0 21
1 19
1 26
1 21
1 27
0 26
0 21
1 18
0 23
1 20
1 20
1 20
0 25
1 24
1 20
1 21
0 26
0 26
1 20
0 22
1 21
1 21
1 22
1 21
0 20
0 25
0 27
1 26
1 21
0 21
0 24
1 28
1 21
1 21
1 28
1 24
1 22
0 20
1 20
1 29
0 25
0 28
1 24
0 22
1 27
0 21
1 22
1 21
1 23
0 25
1 20
1 24
1 20
1 23
1 23
1 18
1 21
0 21
0 18
1 21
1 21
1 18
1 29
1 29
1 24
1 18
0 26
1 23
1 19
0 19
1 20
0 19
1 18
0 24
0 21
0 24
1 27
1 25
0 21
1 23
1 26
0 24
0 24
0 21
1 29
0 21
0 21
1 27
0 19
1 22
0 18
1 22
0 21
1 21
0 20
0 24
1 24
0 18
1 19
0 21
1 21
0 18
0 20
0 25
1 20
1 20
1 25
0 12
1 24
0 21
0 22
1 25
0 21
1 21
1 21
1 27
0 20
1 21
0 19
1 20
1 23
1 22
0 23
1 20
1 18
0 24
1 21
1 24
1 22
0 20
1 21
0 21
0 19
1 19
1 21
0 21
1 25
1 12
1 25
1 25
0 24
1 23
1 19
1 23
0 19
1 21
0 21
1 27
1 26
1 20
1 20
0 19
0 19
1 26
0 22
1 20
1 28
0 26
1 24
1 23
0 23
0 27
1 27
1 22
1 20
1 22
1 22
1 24
1 20
0 27
1 23
0 26
1 21
1 18
1 20
0 24
1 26
0 21
0 18
1 21
0 20
1 22
1 26
1 25
1 23
1 20
0 24
1 24
1 20
1 21
0 19
0 20
1 22
1 21
1 26
1 23
0 21
1 26
0 21
1 26
1 24
0 21
1 27
1 26
1 20
1 22
0 22
1 20
0 24
0 26
0 21
1 21
1 27
1 22
0 20
0 18
1 21
1 27
0 26
0 25
1 21
0 21
1 18
0 19
0 25
0 20
0 18
0 25
1 22
1 22
1 23
1 18
1 20
1 21
0 26
1 21
1 20
1 25
0 21
1 21
0 18
0 26
1 23
1 20
1 25
1 25
1 27
1 18
0 26
0 18
1 18
0 21
0 21
0 23
1 24
1 20
1 24
1 23
1 23
0 24
1 27
1 26
0 21
1 23
1 26
0 24
1 23
0 20
1 22
0 24
1 26
1 19
1 24
1 27
0 21
0 26
0 19
1 24
0 19
0 20
0 25
0 26
0 26
1 22
0 24
0 26
1 20
0 24
1 24
1 21
1 22
1 21
1 20
0 20
1 18
1 26
1 23
1 24
1 20
0 23
0 22
1 21
0 20
0 28
1 20
1 24
1 21
1 26
1 22
1 22
1 20
1 21
0 24
1 20
0 26
1 21
1 21
1 24
1 22
1 27
1 18
1 19
1 18
0 24
0 21
1 20
1 20
1 18
1 23
1 25
1 23
1 20
1 21
1 21
1 22
1 25
0 21
0 26
0 20
0 21
0 29
1 22
1 24
1 24
1 22
0 25
0 24
1 21
1 21
1 18
0 24
0 20
1 24
1 26
1 27
0 24
1 21
1 25
1 25
1 20
0 21
1 22
1 25
1 19
1 23
1 22
1 24
0 24
1 26
1 27
1 22
1 19
0 27
1 26
0 22
0 23
0 21
0 20
1 19
0 21
1 24
0 24
1 21
0 21
1 25
0 23
1 20
0 24
1 20
0 23
1 18
0 26
1 19
1 20
1 21
1 21
0 18
1 19
1 18
0 21
1 25
0 24
1 24
1 24
0 18
1 25
0 21
1 26
0 22
1 26
1 21
1 20
1 21
0 26
1 22
1 20
1 29
1 20
0 25
0 21
1 21
1 28
1 21
1 19
0 21
1 26
1 24
1 21
0 21
0 20
0 21
0 26
1 22
0 25
1 27
1 20
1 25
1 21
1 24
0 25
0 24
0 21
1 24
0 18
1 23
1 22
1 20
1 20
1 19
0 18
1 18
1 20
0 21
0 22
1 21
0 18
1 25
1 23
0 20
0 21
0 26
1 22
1 26
0 20
0 20
1 18
0 28
1 20
1 19
0 19
1 22
0 28
0 27
1 24
1 24
1 24
1 28
1 22
1 22
0 24
1 24
1 28
1 23
0 20
1 28
0 28
0 26
0 18
1 19
1 25
1 18
1 22
0 24
0 21
1 28
0 22
1 22
0 22
1 23
1 24
1 23
1 22
0 24
1 25
1 26
0 20
1 28
1 20
0 21
0 22
1 25
1 20
1 24
1 21
0 25
0 19
1 19
1 26
0 22
1 20
1 21
0 21
1 21
1 21
1 21
1 19
1 24
1 19
0 21
1 21
1 16
0 27
0 24
0 18
1 27
1 20
0 21
0 21
1 18
1 21
0 20
0 28
0 22
1 21
0 19
1 19
1 27
0 21
0 22
1 21
0 25
0 20
1 22
1 18
1 27
1 21
1 24
1 20
1 21
0 22
0 19
1 18
1 20
0 26
1 20
0 16
1 27
1 20
0 22
1 26
0 21
1 20
0 28
1 18
1 18
1 28
1 19
1 24
1 23
1 23
1 20
1 19
0 21
1 20
1 20
0 19
1 23
1 26
1 20
1 20
1 19
0 22
1 26
0 20
1 27
1 29
1 18
0 21
0 25
1 25
0 23
1 21
1 20
1 18
1 24
1 21
0 28
1 20
1 20
0 26
0 19
1 12
1 24
1 22
1 18
1 19
1 20
1 26
1 20
1 20
1 23
1 20
1 25
0 26
0 26
1 21
0 28
1 20
0 20
0 27
0 23
0 21
0 29
0 27
0 29
0 19
1 22
0 18
0 25
0 20
1 19
0 18
1 27
0 27
0 24
1 20
1 20
1 22
0 24
1 24
1 25
1 25
0 19
0 18
1 22
1 26
1 18
1 20
0 21
0 21
0 12
1 16
1 12
1 17
1 12
0 16
1 12
0 16
1 16
1 12
0 16
1 12
0 12
0 12
1 16
0 12
0 16
0 16
0 12
1 12
1 16
0 12
0 12
1 12
0 12
0 16
1 16
0 12
0 12
0 12
0 16
1 16
1 12
0 12
1 16
1 16
1 16
0 16
1 12
0 12
0 12
1 12
1 12
0 12
0 16
1 16
1 12
1 12
1 16
1 12
1 12
1 16
1 16
0 12
0 16
0 12
1 12
0 16
1 16
0 16
1 12
1 16
0 12
1 16
0 12
0 12
0 16
1 16
1 12
0 12
