2.906
3.048
2.854
2.945
2.535
2.892
2.834
3.1
2.884
3.061
2.975
2.668
2.835
2.874
2.971
2.918
2.995
2.876
2.906
3.089
2.766
2.692
2.698
3.074
3.113
2.923
2.916
3.131
2.94
3.051
2.898
2.7
2.921
3.228
2.994
2.893
2.888
2.593
2.74
3.195
2.938
3.083
3.076
2.908
2.743
2.952
2.878
2.995
2.643
2.833
3.002
2.6
2.978
2.638
3.448
2.879
2.934
2.919
2.709
2.627
2.759
2.712
3.024
2.728
2.807
2.917
2.919
3.214
2.89
2.914
3.121
3.085
3.12
2.593
3.06
3.025
2.934
2.793
2.558
3.154
3.091
2.956
2.954
2.599
2.926
3.299
2.807
2.921
3.039
2.858
2.756
2.619
3.109
2.849
3.213
3.014
3.229
2.828
3.041
2.771
2.926
2.952
2.924
2.791
2.873
3.08
2.932
3.385
2.609
3.107
2.771
3.091
2.721
2.994
2.706
2.843
2.784
2.747
3.041
2.875
2.801
2.759
2.797
3.147
3.228
2.808
2.849
3.058
3.253
2.723
2.909
2.914
2.979
3.142
3.037
2.857
2.643
2.999
3.155
2.916
3.198
3.086
3.111
2.865
3.165
3.201
3.121
3.141
3.052
3.232
2.804
2.841
3.129
3.282
2.81
2.747
2.965
2.883
2.721
3.186
3.034
2.918
2.851
2.661
2.91
3.204
3.153
2.921
2.893
2.975
3.304
3.0
2.995
2.654
3.338
3.009
2.891
2.766
3.061
3.044
2.629
2.744
2.849
2.769
3.026
2.556
2.72
3.06
3.126
3.061
2.838
3.086
2.849
3.016
2.732
2.99
2.913
2.956
3.163
2.741
2.952
2.918
2.906
2.847
2.738
2.765
2.969
2.896
3.085
2.856
2.57
2.936
3.017
2.932
2.595
2.534
2.801
2.683
2.978
3.082
3.161
2.925
3.108
2.967
3.054
2.848
2.929
2.955
2.832
3.1
2.849
2.66
2.893
3.128
3.16
2.844
2.996
2.886
3.087
3.028
2.676
2.497
2.776
2.938
2.97
3.04
3.039
3.178
2.808
2.905
2.791
2.793
2.932
2.762
2.802
3.02
2.616
2.885
2.888
3.178
2.903
3.06
3.171
2.829
2.681
2.921
3.05
3.128
3.109
2.708
3.039
3.16
2.742
3.16
3.191
2.817
2.871
2.696
3.434
2.785
3.101
2.127
2.728
2.878
3.19
3.049
3.0
2.744
2.909
2.942
3.001
2.777
2.767
3.1
3.195
2.915
3.07
3.112
2.68
3.082
3.057
3.022
3.287
2.813
3.049
2.913
3.38
2.73
3.035
3.087
3.06
3.336
3.294
2.872
2.797
2.623
3.015
2.942
3.014
3.205
3.325
2.668
2.858
2.981
2.782
2.982
2.838
2.851
2.738
2.974
3.381
2.788
2.728
3.014
2.937
2.848
2.954
3.092
3.276
2.808
2.81
2.85
3.24
2.956
2.83
3.079
3.004
3.092
3.005
3.267
2.981
3.165
3.243
2.871
2.753
2.476
2.581
3.089
3.235
3.1
2.918
2.981
2.908
2.945
2.784
3.088
2.867
2.745
2.886
3.02
2.71
3.168
3.039
2.965
2.936
3.105
2.779
2.929
2.665
2.734
3.36
2.969
2.923
2.74
3.041
2.796
2.877
2.874
3.145
2.767
3.202
3.336
2.835
2.773
2.333
3.052
3.038
2.929
3.22
2.962
3.098
2.612
2.773
2.777
3.431
2.715
3.185
2.655
2.918
2.562
2.917
2.723
2.893
2.872
3.057
2.866
2.745
3.043
2.764
3.116
2.804
2.798
3.257
2.764
2.941
2.741
2.774
3.299
2.819
2.955
3.319
3.127
2.73
2.702
2.791
3.272
3.044
2.823
2.995
2.973
3.035
2.54
3.18
2.831
3.02
2.867
2.824
2.734
2.879
2.816
2.913
2.767
3.019
3.15
3.081
2.917
3.311
3.015
2.731
3.018
2.752
2.941
3.092
2.899
2.585
2.889
2.875
2.711
2.745
2.651
3.003
2.884
2.938
3.118
2.756
3.051
3.062
2.915
3.293
2.864
2.787
3.009
2.907
3.27
2.898
2.656
2.696
3.033
2.795
2.65
2.634
2.708
2.686
2.564
2.775
3.071
2.819
2.837
3.168
2.722
3.02
2.769
2.732
2.849
2.888
2.986
3.078
2.618
2.834
3.289
3.216
2.865
3.171
2.668
2.661
3.003
2.849
2.722
2.958
2.864
2.928
2.752
2.996
3.103
2.654
3.051
3.007
2.667
2.916
2.913
2.939
3.023
2.952
2.944
3.116
2.714
2.766
2.925
2.606
2.888
2.961
2.758
2.768
2.726
3.143
3.036
2.95
2.863
2.826
2.99
3.044
2.797
2.799
2.825
2.59
2.795
2.946
3.125
2.768
2.8
2.847
2.777
2.891
3.009
2.626
3.38
2.964
2.572
2.911
2.987
2.804
2.862
3.03
2.963
3.028
3.124
3.21
3.022
3.233
2.924
2.777
2.983
2.852
3.057
3.135
2.908
2.74
3.097
2.9
2.979
2.943
2.756
2.997
2.886
3.135
3.014
3.106
2.82
2.827
2.84
2.837
3.133
2.739
3.13
2.791
2.985
2.866
2.726
2.811
3.159
3.123
3.176
2.684
2.933
3.02
2.959
2.728
2.679
2.952
3.31
2.96
3.144
3.104
2.775
2.991
2.806
2.872
2.952
2.815
3.066
2.897
3.1
2.933
2.937
3.236
2.914
2.771
3.06
2.728
2.887
2.975
2.896
2.77
3.244
3.264
3.041
3.273
2.672
2.857
2.852
3.225
2.778
2.898
2.822
3.106
2.81
3.357
2.767
2.952
3.199
3.396
2.877
2.937
2.855
3.078
2.349
3.297
3.034
2.979
3.183
2.804
2.709
3.163
2.822
2.903
3.28
2.635
3.038
3.115
2.868
2.672
2.852
3.08
2.871
2.781
2.618
2.797
3.385
3.164
2.96
3.11
2.792
3.149
2.911
2.867
3.081
3.199
3.086
3.191
3.173
2.629
2.861
2.9
3.396
2.785
2.893
2.986
3.076
2.555
2.994
2.857
2.949
2.994
2.898
2.712
2.883
3.008
2.997
2.831
3.057
2.96
2.904
2.737
2.771
2.759
2.665
2.604
3.101
2.447
2.977
2.856
3.041
2.696
2.963
2.849
3.249
2.962
2.81
2.946
2.992
2.982
3.407
2.982
3.317
3.072
2.846
2.579
3.141
2.98
2.881
2.714
3.3
2.84
2.5
2.913
2.658
2.798
3.094
3.015
2.961
2.745
2.96
2.907
2.957
2.837
2.814
2.894
3.012
3.262
2.897
2.795
3.026
3.081
3.071
2.949
3.135
2.968
2.679
3.063
2.918
2.654
2.67
2.899
2.854
2.95
3.034
3.27
2.987
3.164
2.927
2.798
2.787
3.164
2.64
3.208
2.956
2.826
2.9
3.092
2.873
2.544
2.76
2.666
2.947
2.836
3.16
2.777
2.947
2.868
2.959
3.032
3.108
3.094
2.87
2.785
2.562
3.095
2.589
3.105
3.104
2.985
2.814
3.117
2.738
2.788
2.919
3.29
2.984
2.726
3.199
2.909
3.225
2.598
2.841
2.965
2.999
2.65
2.927
2.984
2.97
3.183
2.94
2.867
2.994
2.72
2.838
2.995
2.971
3.014
2.793
2.98
2.71
3.0
3.158
2.895
2.638
2.706
2.548
3.13
2.961
2.603
2.93
3.032
2.824
2.755
2.831
2.787
2.895
3.054
3.093
2.79
3.194
2.949
2.947
3.083
2.966
3.075
3.011
3.095
2.837
3.082
3.033
3.111
3.179
3.174
2.711
3.224
2.974
2.884
2.867
2.913
3.065
3.416
2.714
3.025
3.13
3.077
2.835
2.835
2.842
2.85
3.15
2.912
2.915
2.905
2.912
2.576
2.862
2.949
3.063
2.479
3.07
2.654
2.824
2.852
3.446
2.852
2.522
2.995
3.254
3.033
2.803
2.898
2.498
2.94
2.833
3.028
2.798
3.027
2.9
2.666
3.27
2.936
2.833
2.911
3.234
2.949
2.829
2.271
3.352
3.231
2.833
3.104
2.816
3.219
3.02
2.832
2.953
3.012
2.779
2.716
2.803
2.999
2.745
3.108
3.024
2.92
3.048
2.845
2.897
2.805
3.059
2.872
2.987
3.229
2.994
3.19
2.934
2.806
2.907
2.887
2.655
2.951
2.894
3.013
2.971
2.981
2.845
2.909
2.712
3.147
2.412
2.618
2.445
2.992
2.782
2.765
3.029
3.233
3.027
2.852
2.853
3.087
2.932
2.939
2.746
2.989
3.001
2.985
2.938
2.836
2.865
2.948
2.846
2.703
2.779
2.418
3.016
2.909
2.766
2.917
2.877
2.797
2.905
3.178
2.944
3.045
2.414
2.566
2.671
2.651
2.603
2.638
3.157
3.004
3.01
2.91
3.094
3.393
2.848
2.716
2.857
3.194
2.906
2.882
2.997
2.526
2.872
3.224
3.108
3.251
2.84
3.087
3.024
3.014
3.006
2.724
3.09
3.005
2.903
3.098
2.971
3.028
2.974
2.621
2.92
3.066
3.121
3.083
2.764
2.86
2.888
3.122
3.038
2.963
2.96
2.737
2.672
2.793
2.849
2.979
2.754
2.637
3.208
2.865
