2.905552885122460793e+00
2.907460513605883534e+00
2.909185617362481935e+00
2.910728293163174385e+00
2.912088671973378950e+00
2.913266917937562539e+00
2.914263228975528364e+00
2.915077836995465077e+00
2.915711006868377808e+00
2.916163037706382966e+00
2.916434261293716190e+00
2.916525043224055480e+00
2.916435782543430832e+00
2.916166910917581845e+00
2.915718893471648698e+00
2.915092228038929534e+00
2.914287445625632245e+00
2.913305109501607149e+00
2.912145815508210944e+00
2.910810192130611540e+00
2.909298900006206168e+00
2.926119776073846879e+00
2.928011939603266001e+00
2.929721566562648150e+00
2.931248756542004230e+00
2.932593642525716859e+00
2.933756391392876139e+00
2.934737203637268976e+00
2.935536313179227363e+00
2.936153988049227337e+00
2.936590529004888594e+00
2.936846270914884371e+00
2.936921581717797380e+00
2.936816862651085103e+00
2.936532547950491789e+00
2.936069105586739170e+00
2.935427035420161701e+00
2.934606870988773153e+00
2.933609177818652824e+00
2.932434554675182881e+00
2.931083632108766324e+00
2.929557072990064626e+00
