3.571140422474546744e-02
3.562750884262674139e-02
3.555805366167793385e-02
3.550103055650685041e-02
3.545464697942098814e-02
3.541732735746824096e-02
3.538771447029295109e-02
3.536467081335478019e-02
3.534727993320904010e-02
3.533484775136149642e-02
3.532690385498345881e-02
3.532320277196650954e-02
3.532372522005663290e-02
3.532867932563395902e-02
3.533850181975514010e-02
3.535385920600139092e-02
3.537564889950691599e-02
3.540500032409373693e-02
3.544327599491144815e-02
3.549207254718941135e-02
3.555322174702642973e-02
3.570679409763873741e-02
3.562050286518943926e-02
3.554868801697726871e-02
3.548934066890670896e-02
3.544066750928128590e-02
3.540109220000805385e-02
3.536925675519261153e-02
3.534402290347690018e-02
3.532447342661645256e-02
3.530991348043618222e-02
3.529987189012136900e-02
3.529410242225968636e-02
3.529258504034179372e-02
3.529552711518509772e-02
3.530336463211743853e-02
3.531676335194707667e-02
3.533661995220801350e-02
3.536406312787595402e-02
3.540045467105220472e-02
3.544739050403596797e-02
3.550670168658972420e-02
